(1, 6, 100, 1.0, 11.27, 0.42, 0.1722222222222222, 0.16666666666666666, 0.42)
(2, 6, 100, 1.1, 10.73, 0.59, 0.7527777777777779, 0.11389797615137558, 0.58)
(3, 7, 100, 1.25, 12.21, 1.34, 1.2, 0.6777686905152911, 0.7)
(4, 7, 200, 1.5, 12.56, 2.54, 1.3428787208771895, 0.15780822058052912, 1.38)
(5, 7, 200, 1.8, 13.42, 3.88, 1.9958711629761414, 0.8534886223865593, 1.53)
(6, 7, 200, 2.2, 13.93, 5.88, 2.4612501161466676, 1.072036490366245, 2.39)
(7, 7, 200, 2.6, 14.4, 8.34, 2.9916666666666685, 1.2083333333333333, 3.46)
(8, 7, 200, 3.0, 14.59, 11.33, 3.0, 1.708333333333334, 4.67)
(9, 8, 300, 3.0, 14.98, 14.33, 3.2083333333333335, 1.5416666666666667, 6.38)
(10, 8, 300, 3.0, 15.02, 17.54, 3.3333333333333335, 2.0, 7.92)
(11, 8, 300, 3.0, 15.14, 20.88, 3.4583333333333335, 2.5097127905482552, 9.92)
(12, 8, 300, 3.0, 15.49, 24.33, 4.0, 2.4902872094517434, 12.43)
(13, 8, 300, 3.0, 15.73, 28.33, 4.0, 3.4583333333333335, 14.92)
(14, 8, 300, 3.0, 15.61, 32.33, 3.5416666666666714, 2.4583333333333335, 18.38)
(15, 8, 300, 3.0, 15.88, 35.88, 4.466666666666669, 3.577785007118687, 20.83)
(16, 8, 300, 3.0, 15.84, 40.34, 4.199999999999998, 3.172214992881313, 24.41)
(17, 8, 400, 3.0, 16.27, 44.54, 5.0, 4.0, 27.58)
(18, 8, 400, 3.0, 16.35, 49.54, 5.0, 4.0, 31.58)
(19, 8, 400, 3.0, 16.39, 54.54, 5.0, 4.000000000000004, 35.58)
(20, 8, 400, 3.0, 16.55, 59.54, 5.333333333333333, 4.791666666666667, 39.58)
(21, 8, 400, 3.0, 16.59, 64.88, 5.458333333333333, 4.458333333333333, 44.38)
(22, 8, 400, 3.0, 16.62, 70.33, 6.0, 4.666666666666667, 48.83)
(23, 8, 400, 3.0, 16.62, 76.33, 6.0, 4.416666666666667, 53.5)
(24, 8, 400, 3.0, 16.62, 82.33, 6.0, 4.666666666666667, 57.92)
casual total 88.3 binge total 62.6
