(1, 10.5, 0.42, 0.17, 0.42, 0.11)
(2, 11.3, 0.58, 0.75, 0.52, 0.23)
(3, 12.2, 1.33, 1.0, 0.75, 0.63)
(4, 13.0, 2.33, 1.54, 1.38, 0.29)
(5, 13.7, 3.88, 2.46, 1.67, 0.83)
(6, 14.1, 6.33, 2.54, 2.5, 1.02)
(7, 14.5, 8.88, 3.0, 3.52, 1.86)
(8, 14.8, 11.88, 3.67, 5.38, 1.51)
(9, 15.1, 15.54, 3.79, 6.89, 2.49)
(10, 15.25, 19.33, 4.0, 9.38, 2.12)
(11, 15.4, 23.33, 4.0, 11.5, 2.25)
(12, 15.6, 27.33, 4.0, 13.75, 2.92)
(13, 15.7, 31.33, 4.0, 16.67, 2.92)
(14, 15.8, 35.33, 4.0, 19.58, 3.17)
(15, 15.9, 39.33, 4.0, 22.75, 3.64)
(16, 16.0, 43.33, 4.21, 26.39, 3.36)
(17, 16.25, 47.54, 5.0, 29.75, 4.08)
(18, 16.35, 52.54, 5.0, 33.83, 4.54)
(19, 16.4, 57.54, 4.79, 38.38, 4.0)
(20, 16.5, 62.33, 5.54, 42.38, 4.21)
(21, 16.55, 67.88, 5.46, 46.58, 4.25)
(22, 16.6, 73.33, 6.0, 50.83, 4.54)
(23, 16.65, 79.33, 6.0, 55.38, 4.38)
(24, 16.7, 85.33, 6.54, 59.75, 4.92)
casual end 91.9 binge end 64.7
