(1, 10.5, 0.42, 0.17, 0.42, 0.11)
(2, 11.3, 0.58, 0.75, 0.52, 0.23)
(3, 12.0, 1.33, 1.0, 0.75, 0.17)
(4, 12.6, 2.33, 1.21, 0.92, 0.62)
(5, 13.3, 3.54, 2.0, 1.54, 0.84)
(6, 13.8, 5.54, 2.33, 2.38, 0.46)
(7, 14.3, 7.88, 2.47, 2.83, 1.08)
(8, 14.6, 10.34, 3.2, 3.92, 1.83)
(9, 15.0, 13.54, 3.79, 5.74, 2.01)
(10, 15.1, 17.33, 4.0, 7.75, 2.08)
(11, 15.2, 21.33, 3.54, 9.83, 2.54)
(12, 15.5, 24.88, 4.0, 12.38, 2.38)
(13, 15.6, 28.88, 4.0, 14.75, 2.83)
(14, 15.7, 32.88, 4.0, 17.58, 3.0)
(15, 15.85, 36.88, 4.46, 20.58, 3.25)
(16, 15.95, 41.33, 4.21, 23.83, 3.59)
(17, 16.25, 45.54, 5.0, 27.42, 3.95)
(18, 16.35, 50.54, 5.0, 31.38, 4.08)
(19, 16.4, 55.54, 4.79, 35.46, 4.12)
(20, 16.5, 60.33, 5.54, 39.58, 4.25)
(21, 16.55, 65.88, 5.46, 43.83, 4.54)
(22, 16.6, 71.33, 6.0, 48.38, 4.46)
(23, 16.65, 77.33, 6.0, 52.83, 4.67)
(24, 16.7, 83.33, 6.54, 57.5, 4.88)
casual end 89.9 binge end 62.4
