(1, 10.5, 0.42, 0.17, 0.42, 0.11)
(2, 11.3, 0.58, 0.75, 0.52, 0.23)
(3, 12.0, 1.33, 1.0, 0.75, 0.17)
(4, 12.8, 2.33, 1.54, 0.92, 0.67)
(5, 13.5, 3.88, 2.0, 1.58, 0.82)
(6, 14.0, 5.88, 2.46, 2.4, 1.05)
(7, 14.4, 8.33, 2.55, 3.46, 1.21)
(8, 14.7, 10.89, 3.66, 4.67, 1.79)
(9, 15.1, 14.55, 4.0, 6.46, 2.04)
(10, 15.25, 18.55, 4.33, 8.5, 2.17)
(11, 15.4, 22.88, 4.0, 10.67, 2.71)
(12, 15.6, 26.88, 4.0, 13.38, 2.54)
(13, 15.7, 30.88, 4.0, 15.92, 3.46)
(14, 15.8, 34.88, 4.46, 19.38, 3.08)
(15, 15.9, 39.33, 4.0, 22.46, 3.25)
(16, 16.0, 43.33, 4.21, 25.71, 3.74)
(17, 16.25, 47.54, 5.0, 29.45, 3.92)
(18, 16.35, 52.54, 5.0, 33.38, 4.08)
(19, 16.4, 57.54, 4.79, 37.46, 4.0)
(20, 16.5, 62.33, 5.54, 41.46, 4.29)
(21, 16.55, 67.88, 5.46, 45.75, 4.62)
(22, 16.6, 73.33, 6.0, 50.38, 4.21)
(23, 16.65, 79.33, 6.0, 54.58, 4.79)
(24, 16.7, 85.33, 6.54, 59.38, 4.54)
casual end 91.9 binge end 63.9
